"Date","Internal","Outside","Total","Weekdays"
"2017-01-01",70551,17656,88207,"일요일"
"2017-01-02",70171,22719,92890,"월요일"
"2017-01-03",63047,23692,86739,"화요일"
"2017-01-04",57460,24836,82296,"수요일"
"2017-01-05",69532,12547,82079,"목요일"
"2017-01-06",58705,24105,82810,"금요일"
"2017-01-07",61477,22872,84349,"토요일"
"2017-01-08",68837,24539,93376,"일요일"
"2017-01-09",73589,20915,94504,"월요일"
"2017-01-10",58183,11492,69675,"화요일"
"2017-01-11",57309,24293,81602,"수요일"
"2017-01-12",71874,24669,96543,"목요일"
"2017-01-13",63382,12554,75936,"금요일"
"2017-01-14",64204,23502,87706,"토요일"
"2017-01-15",67490,24615,92105,"일요일"
"2017-01-16",66189,22680,88869,"월요일"
"2017-01-17",63271,20849,84120,"화요일"
"2017-01-18",60297,23360,83657,"수요일"
"2017-01-19",59263,24263,83526,"목요일"
"2017-01-20",58463,22393,80856,"금요일"
"2017-01-21",60031,23702,83733,"토요일"
"2017-01-22",62191,24356,86547,"일요일"
"2017-01-23",62517,21616,84133,"월요일"
"2017-01-24",50354,10483,60837,"화요일"
"2017-01-25",77396,22887,100283,"수요일"
"2017-01-26",81301,26298,107599,"목요일"
"2017-01-27",64201,22285,86486,"금요일"
"2017-01-28",71726,18134,89860,"토요일"
"2017-01-29",84429,22798,107227,"일요일"
"2017-01-30",84476,21280,105756,"월요일"
"2017-01-31",71788,20804,92592,"화요일"
"2017-02-01",68604,24108,92712,"수요일"
"2017-02-02",57814,23525,81339,"목요일"
"2017-02-03",62467,23968,86435,"금요일"
"2017-02-04",65188,24757,89945,"토요일"
"2017-02-05",68243,25179,93422,"일요일"
"2017-02-06",69294,23235,92529,"월요일"
"2017-02-07",55198,17361,72559,"화요일"
"2017-02-08",63230,25203,88433,"수요일"
"2017-02-09",66788,25109,91897,"목요일"
"2017-02-10",67587,25591,93178,"금요일"
"2017-02-11",71941,25855,97796,"토요일"
"2017-02-12",78594,26355,104949,"일요일"
"2017-02-13",79633,24239,103872,"월요일"
"2017-02-14",72527,21721,94248,"화요일"
"2017-02-15",72629,26526,99155,"수요일"
"2017-02-16",76132,26752,102884,"목요일"
"2017-02-17",74966,24923,99889,"금요일"
"2017-02-18",80691,25957,106648,"토요일"
"2017-02-19",84208,26660,110868,"일요일"
"2017-02-20",80390,24526,104916,"월요일"
"2017-02-21",75352,19348,94700,"화요일"
"2017-02-22",76825,22796,99621,"수요일"
"2017-02-23",80551,24937,105488,"목요일"
"2017-02-24",79212,25866,105078,"금요일"
"2017-02-25",77784,27261,105045,"토요일"
"2017-02-26",80438,26345,106783,"일요일"
"2017-02-27",71638,23158,94796,"월요일"
"2017-02-28",68427,20585,89012,"화요일"
"2017-03-01",62124,24054,86178,"수요일"
"2017-03-02",56213,19422,75635,"목요일"
"2017-03-03",57934,20711,78645,"금요일"
"2017-03-04",64145,19784,83929,"토요일"
"2017-03-05",69167,22072,91239,"일요일"
"2017-03-06",63651,19645,83296,"월요일"
"2017-03-07",50271,17921,68192,"화요일"
"2017-03-08",51935,20640,72575,"수요일"
"2017-03-09",56072,20999,77071,"목요일"
"2017-03-10",58659,21612,80271,"금요일"
"2017-03-11",58633,20771,79404,"토요일"
"2017-03-12",72565,19833,92398,"일요일"
"2017-03-13",66584,19888,86472,"월요일"
"2017-03-14",48580,16868,65448,"화요일"
"2017-03-15",58962,19164,78126,"수요일"
"2017-03-16",65815,19994,85809,"목요일"
"2017-03-17",74641,19566,94207,"금요일"
"2017-03-18",72659,15694,88353,"토요일"
"2017-03-19",78525,18858,97383,"일요일"
"2017-03-20",76281,19054,95335,"월요일"
"2017-03-21",68817,17681,86498,"화요일"
"2017-03-22",65428,18248,83676,"수요일"
"2017-03-23",74064,20073,94137,"목요일"
"2017-03-24",76469,20365,96834,"금요일"
"2017-03-25",78165,19130,97295,"토요일"
"2017-03-26",82106,18348,100454,"일요일"
"2017-03-27",83995,17586,101581,"월요일"
"2017-03-28",69302,16643,85945,"화요일"
"2017-03-29",72395,18585,90980,"수요일"
"2017-03-30",74244,18719,92963,"목요일"
"2017-03-31",83539,18669,102208,"금요일"
"2017-04-01",85375,19405,104780,"토요일"
"2017-04-02",90524,20203,110727,"일요일"
"2017-04-03",89393,18576,107969,"월요일"
"2017-04-04",75775,19367,95142,"화요일"
"2017-04-05",81806,20567,102373,"수요일"
"2017-04-06",80044,20155,100199,"목요일"
"2017-04-07",92177,18397,110574,"금요일"
"2017-04-08",91296,19421,110717,"토요일"
"2017-04-09",95036,20351,115387,"일요일"
"2017-04-10",92162,16884,109046,"월요일"
"2017-04-11",78894,15587,94481,"화요일"
"2017-04-12",75792,19049,94841,"수요일"
"2017-04-13",81957,19494,101451,"목요일"
"2017-04-14",86907,18805,105712,"금요일"
"2017-04-15",91202,18946,110148,"토요일"
"2017-04-16",93393,20664,114057,"일요일"
"2017-04-17",92462,17655,110117,"월요일"
"2017-04-18",73872,15127,88999,"화요일"
"2017-04-19",79202,18576,97778,"수요일"
"2017-04-20",87335,19212,106547,"목요일"
"2017-04-21",87059,18950,106009,"금요일"
"2017-04-22",92717,19262,111979,"토요일"
"2017-04-23",92851,20455,113306,"일요일"
"2017-04-24",92810,17961,110771,"월요일"
"2017-04-25",74540,16016,90556,"화요일"
"2017-04-26",84493,19202,103695,"수요일"
"2017-04-27",85612,19815,105427,"목요일"
"2017-04-28",89880,18405,108285,"금요일"
"2017-04-29",75269,23501,98770,"토요일"
"2017-04-30",88641,21560,110201,"일요일"
"2017-05-01",81044,17714,98758,"월요일"
"2017-05-02",82278,17972,100250,"화요일"
"2017-05-03",96508,25558,122066,"수요일"
"2017-05-04",94508,21352,115860,"목요일"
"2017-05-05",96369,19693,116062,"금요일"
"2017-05-06",86547,20095,106642,"토요일"
"2017-05-07",88899,20509,109408,"일요일"
"2017-05-08",84079,15410,99489,"월요일"
"2017-05-09",86612,13784,100396,"화요일"
"2017-05-10",74349,14925,89274,"수요일"
"2017-05-11",72698,16216,88914,"목요일"
"2017-05-12",77326,17087,94413,"금요일"
"2017-05-13",82182,17874,100056,"토요일"
"2017-05-14",90388,18566,108954,"일요일"
"2017-05-15",88900,17540,106440,"월요일"
"2017-05-16",69495,14557,84052,"화요일"
"2017-05-17",84754,16947,101701,"수요일"
"2017-05-18",83201,17628,100829,"목요일"
"2017-05-19",85820,18863,104683,"금요일"
"2017-05-20",72477,18772,91249,"토요일"
"2017-05-21",87590,19384,106974,"일요일"
"2017-05-22",87335,16632,103967,"월요일"
"2017-05-23",78180,15180,93360,"화요일"
"2017-05-24",77128,17688,94816,"수요일"
"2017-05-25",76482,18182,94664,"목요일"
"2017-05-26",81018,18022,99040,"금요일"
"2017-05-27",87893,19258,107151,"토요일"
"2017-05-28",90008,19458,109466,"일요일"
"2017-05-29",83653,16219,99872,"월요일"
"2017-05-30",71446,15945,87391,"화요일"
"2017-05-31",72379,17404,89783,"수요일"
"2017-06-01",68856,19181,88037,"목요일"
"2017-06-02",89380,18866,108246,"금요일"
"2017-06-03",85240,21424,106664,"토요일"
"2017-06-04",82070,19926,101996,"일요일"
"2017-06-05",70107,17323,87430,"월요일"
"2017-06-06",73197,16487,89684,"화요일"
"2017-06-07",87185,15317,102502,"수요일"
"2017-06-08",79116,16898,96014,"목요일"
"2017-06-09",81488,17495,98983,"금요일"
"2017-06-10",83091,18540,101631,"토요일"
"2017-06-11",87421,20077,107498,"일요일"
"2017-06-12",85001,17841,102842,"월요일"
"2017-06-13",74034,16581,90615,"화요일"
"2017-06-14",79113,18188,97301,"수요일"
"2017-06-15",76836,18380,95216,"목요일"
"2017-06-16",69388,19596,88984,"금요일"
"2017-06-17",82661,19624,102285,"토요일"
"2017-06-18",89267,20847,110114,"일요일"
"2017-06-19",78020,17409,95429,"월요일"
"2017-06-20",66663,15332,81995,"화요일"
"2017-06-21",69085,17282,86367,"수요일"
"2017-06-22",76454,20745,97199,"목요일"
"2017-06-23",82405,20428,102833,"금요일"
"2017-06-24",87221,21509,108730,"토요일"
"2017-06-25",86999,23011,110010,"일요일"
"2017-06-26",81464,20581,102045,"월요일"
"2017-06-27",75334,18592,93926,"화요일"
"2017-06-28",75804,20062,95866,"수요일"
"2017-06-29",71705,19553,91258,"목요일"
"2017-06-30",75647,19961,95608,"금요일"
"2017-07-01",75967,18053,94020,"토요일"
"2017-07-02",76207,20349,96556,"일요일"
"2017-07-03",76453,18809,95262,"월요일"
"2017-07-04",66183,17260,83443,"화요일"
"2017-07-05",64571,19530,84101,"수요일"
"2017-07-06",73599,18701,92300,"목요일"
"2017-07-07",76707,19711,96418,"금요일"
"2017-07-08",77293,20012,97305,"토요일"
"2017-07-09",81875,22261,104136,"일요일"
"2017-07-10",80976,20506,101482,"월요일"
"2017-07-11",74869,17846,92715,"화요일"
"2017-07-12",75195,20116,95311,"수요일"
"2017-07-13",81061,20242,101303,"목요일"
"2017-07-14",76760,20022,96782,"금요일"
"2017-07-15",83359,21404,104763,"토요일"
"2017-07-16",87033,22199,109232,"일요일"
"2017-07-17",83112,22104,105216,"월요일"
"2017-07-18",73565,20245,93810,"화요일"
"2017-07-19",78167,22381,100548,"수요일"
"2017-07-20",82925,21566,104491,"목요일"
"2017-07-21",75569,21105,96674,"금요일"
"2017-07-22",77571,22157,99728,"토요일"
"2017-07-23",82762,23692,106454,"일요일"
"2017-07-24",75592,21111,96703,"월요일"
"2017-07-25",70231,19507,89738,"화요일"
"2017-07-26",77458,22588,100046,"수요일"
"2017-07-27",76102,22440,98542,"목요일"
"2017-07-28",82328,22979,105307,"금요일"
"2017-07-29",83884,23461,107345,"토요일"
"2017-07-30",79943,25543,105486,"일요일"
"2017-07-31",79820,21192,101012,"월요일"
"2017-08-01",82687,21456,104143,"화요일"
"2017-08-02",79853,23655,103508,"수요일"
"2017-08-03",76582,21845,98427,"목요일"
"2017-08-04",77958,18966,96924,"금요일"
"2017-08-05",78645,21334,99979,"토요일"
"2017-08-06",76095,21822,97917,"일요일"
"2017-08-07",67321,18696,86017,"월요일"
"2017-08-08",64557,17721,82278,"화요일"
"2017-08-09",67951,20454,88405,"수요일"
"2017-08-10",64279,20284,84563,"목요일"
"2017-08-11",78117,21093,99210,"금요일"
"2017-08-12",82717,23805,106522,"토요일"
"2017-08-13",78314,23567,101881,"일요일"
"2017-08-14",70707,22153,92860,"월요일"
"2017-08-15",80971,21442,102413,"화요일"
"2017-08-16",77854,24410,102264,"수요일"
"2017-08-17",75671,21375,97046,"목요일"
"2017-08-18",69821,21137,90958,"금요일"
"2017-08-19",76546,23834,100380,"토요일"
"2017-08-20",82413,25007,107420,"일요일"
"2017-08-21",66878,22058,88936,"월요일"
"2017-08-22",72263,19911,92174,"화요일"
"2017-08-23",79948,22832,102780,"수요일"
"2017-08-24",77498,21407,98905,"목요일"
"2017-08-25",78811,21434,100245,"금요일"
"2017-08-26",77208,24042,101250,"토요일"
"2017-08-27",86892,22913,109805,"일요일"
"2017-08-28",73854,21189,95043,"월요일"
"2017-08-29",75550,18472,94022,"화요일"
"2017-08-30",75298,21147,96445,"수요일"
"2017-08-31",77259,19876,97135,"목요일"
"2017-09-01",77002,20628,97630,"금요일"
"2017-09-02",80109,21353,101462,"토요일"
"2017-09-03",84412,21803,106215,"일요일"
"2017-09-04",80962,19045,100007,"월요일"
"2017-09-05",70453,16902,87355,"화요일"
"2017-09-06",73101,20959,94060,"수요일"
"2017-09-07",82562,20457,103019,"목요일"
"2017-09-08",81695,20963,102658,"금요일"
"2017-09-09",84496,21332,105828,"토요일"
"2017-09-10",84969,21755,106724,"일요일"
"2017-09-11",83726,18907,102633,"월요일"
"2017-09-12",75953,17940,93893,"화요일"
"2017-09-13",76957,20612,97569,"수요일"
"2017-09-14",83370,20003,103373,"목요일"
"2017-09-15",82070,20861,102931,"금요일"
"2017-09-16",76663,19334,95997,"토요일"
"2017-09-17",79857,20562,100419,"일요일"
"2017-09-18",83838,21729,105567,"월요일"
"2017-09-19",71789,18777,90566,"화요일"
"2017-09-20",73718,21493,95211,"수요일"
"2017-09-21",74937,20333,95270,"목요일"
"2017-09-22",80837,21073,101910,"금요일"
"2017-09-23",78491,20368,98859,"토요일"
"2017-09-24",80558,23001,103559,"일요일"
"2017-09-25",75423,19836,95259,"월요일"
"2017-09-26",63079,19288,82367,"화요일"
"2017-09-27",64872,22956,87828,"수요일"
"2017-09-28",68862,23646,92508,"목요일"
"2017-09-29",78585,25085,103670,"금요일"
"2017-09-30",76942,28229,105171,"토요일"
"2017-10-01",74928,27311,102239,"일요일"
"2017-10-02",83916,24386,108302,"월요일"
"2017-10-03",88243,25709,113952,"화요일"
"2017-10-04",98570,27282,125852,"수요일"
"2017-10-05",93818,26144,119962,"목요일"
"2017-10-06",88979,22210,111189,"금요일"
"2017-10-07",82292,21036,103328,"토요일"
"2017-10-08",78659,17941,96600,"일요일"
"2017-10-09",73763,17675,91438,"월요일"
"2017-10-10",66895,15476,82371,"화요일"
"2017-10-11",65581,15938,81519,"수요일"
"2017-10-12",54628,15179,69807,"목요일"
"2017-10-13",66881,18227,85108,"금요일"
"2017-10-14",65491,18044,83535,"토요일"
"2017-10-15",71030,19035,90065,"일요일"
"2017-10-16",73385,18785,92170,"월요일"
"2017-10-17",64649,17134,81783,"화요일"
"2017-10-18",74462,16602,91064,"수요일"
"2017-10-19",74850,17210,92060,"목요일"
"2017-10-20",79014,18460,97474,"금요일"
"2017-10-21",80006,21785,101791,"토요일"
"2017-10-22",82638,22156,104794,"일요일"
"2017-10-23",84773,20938,105711,"월요일"
"2017-10-24",72138,19480,91618,"화요일"
"2017-10-25",80255,22017,102272,"수요일"
"2017-10-26",78492,22150,100642,"목요일"
"2017-10-27",79987,22026,102013,"금요일"
"2017-10-28",80266,22258,102524,"토요일"
"2017-10-29",73581,17128,90709,"일요일"
"2017-10-30",76490,18397,94887,"월요일"
"2017-10-31",68692,18694,87386,"화요일"
"2017-11-01",72283,21390,93673,"수요일"
"2017-11-02",74878,21682,96560,"목요일"
"2017-11-03",78358,21833,100191,"금요일"
"2017-11-04",80981,23529,104510,"토요일"
"2017-11-05",81470,23719,105189,"일요일"
"2017-11-06",79637,21155,100792,"월요일"
"2017-11-07",71595,18538,90133,"화요일"
"2017-11-08",72731,19484,92215,"수요일"
"2017-11-09",73065,21265,94330,"목요일"
"2017-11-10",77286,21033,98319,"금요일"
"2017-11-11",79561,23152,102713,"토요일"
"2017-11-12",79065,23419,102484,"일요일"
"2017-11-13",76648,20714,97362,"월요일"
"2017-11-14",66483,18945,85428,"화요일"
"2017-11-15",71482,22923,94405,"수요일"
"2017-11-16",70769,23887,94656,"목요일"
"2017-11-17",74238,23279,97517,"금요일"
"2017-11-18",77352,24235,101587,"토요일"
"2017-11-19",73490,24492,97982,"일요일"
"2017-11-20",71466,19318,90784,"월요일"
"2017-11-21",60152,19061,79213,"화요일"
"2017-11-22",60480,23067,83547,"수요일"
"2017-11-23",65014,23610,88624,"목요일"
"2017-11-24",71091,20999,92090,"금요일"
"2017-11-25",73400,24257,97657,"토요일"
"2017-11-26",74277,24319,98596,"일요일"
"2017-11-27",67455,20109,87564,"월요일"
"2017-11-28",53623,19697,73320,"화요일"
"2017-11-29",52245,23632,75877,"수요일"
"2017-11-30",60623,22818,83441,"목요일"
"2017-12-01",64443,21351,85794,"금요일"
"2017-12-02",65568,21787,87355,"토요일"
"2017-12-03",70235,22612,92847,"일요일"
"2017-12-04",63132,19992,83124,"월요일"
"2017-12-05",52848,18613,71461,"화요일"
"2017-12-06",52224,20093,72317,"수요일"
"2017-12-07",59444,22689,82133,"목요일"
"2017-12-08",63840,22384,86224,"금요일"
"2017-12-09",62197,21197,83394,"토요일"
"2017-12-10",68997,24094,93091,"일요일"
"2017-12-11",60415,21490,81905,"월요일"
"2017-12-12",52566,19895,72461,"화요일"
"2017-12-13",55232,22220,77452,"수요일"
"2017-12-14",58000,21578,79578,"목요일"
"2017-12-15",62951,23147,86098,"금요일"
"2017-12-16",67200,25393,92593,"토요일"
"2017-12-17",70532,23429,93961,"일요일"
"2017-12-18",65270,23444,88714,"월요일"
"2017-12-19",58789,20679,79468,"화요일"
"2017-12-20",57613,25492,83105,"수요일"
"2017-12-21",63066,24775,87841,"목요일"
"2017-12-22",67375,23089,90464,"금요일"
"2017-12-23",71199,27213,98412,"토요일"
"2017-12-24",58970,24556,83526,"일요일"
"2017-12-25",73349,20314,93663,"월요일"
"2017-12-26",70779,17845,88624,"화요일"
"2017-12-27",65380,21527,86907,"수요일"
"2017-12-28",69267,24155,93422,"목요일"
"2017-12-29",70422,25094,95516,"금요일"
"2017-12-30",74278,26481,100759,"토요일"
"2017-12-31",64566,23202,87768,"일요일"
"2018-01-01",72343,22154,94497,"월요일"
"2018-01-02",74487,20410,94897,"화요일"
"2018-01-03",68727,27546,96273,"수요일"
"2018-01-04",65904,24997,90901,"목요일"
"2018-01-05",59399,20529,79928,"금요일"
"2018-01-06",52105,26106,78211,"토요일"
"2018-01-07",66173,24029,90202,"일요일"
"2018-01-08",67414,25733,93147,"월요일"
"2018-01-09",58656,21568,80224,"화요일"
"2018-01-10",57623,23542,81165,"수요일"
"2018-01-11",66810,25452,92262,"목요일"
"2018-01-12",47571,15033,62604,"금요일"
"2018-01-13",63948,23454,87402,"토요일"
"2018-01-14",65160,26306,91466,"일요일"
"2018-01-15",70464,23330,93794,"월요일"
"2018-01-16",63247,22181,85428,"화요일"
"2018-01-17",61980,26851,88831,"수요일"
"2018-01-18",69169,25649,94818,"목요일"
"2018-01-19",66254,24825,91079,"금요일"
"2018-01-20",69588,27159,96747,"토요일"
"2018-01-21",73066,24534,97600,"일요일"
"2018-01-22",72286,24714,97000,"월요일"
"2018-01-23",62863,21649,84512,"화요일"
"2018-01-24",63821,25891,89712,"수요일"
"2018-01-25",67974,25800,93774,"목요일"
"2018-01-26",66347,25274,91621,"금요일"
"2018-01-27",68857,26149,95006,"토요일"
"2018-01-28",71253,26622,97875,"일요일"
"2018-01-29",69123,23941,93064,"월요일"
"2018-01-30",57292,22274,79566,"화요일"
"2018-01-31",57367,24701,82068,"수요일"
"2018-02-01",54380,21492,75872,"목요일"
"2018-02-02",55803,21358,77161,"금요일"
"2018-02-03",58446,23030,81476,"토요일"
"2018-02-04",60888,23687,84575,"일요일"
"2018-02-05",58646,22001,80647,"월요일"
"2018-02-06",48096,20602,68698,"화요일"
"2018-02-07",53568,23232,76800,"수요일"
"2018-02-08",54177,21713,75890,"목요일"
"2018-02-09",53160,21773,74933,"금요일"
"2018-02-10",52854,24892,77746,"토요일"
"2018-02-11",53539,24021,77560,"일요일"
"2018-02-12",54553,21076,75629,"월요일"
"2018-02-13",68082,20940,89022,"화요일"
"2018-02-14",75315,24151,99466,"수요일"
"2018-02-15",69788,21872,91660,"목요일"
"2018-02-16",64082,20397,84479,"금요일"
"2018-02-17",72219,24227,96446,"토요일"
"2018-02-18",75924,24876,100800,"일요일"
"2018-02-19",71335,25619,96954,"월요일"
"2018-02-20",67554,23152,90706,"화요일"
"2018-02-21",67343,26013,93356,"수요일"
"2018-02-22",69187,27083,96270,"목요일"
"2018-02-23",71212,25778,96990,"금요일"
"2018-02-24",70845,27719,98564,"토요일"
"2018-02-25",75290,28459,103749,"일요일"
"2018-02-26",69945,25294,95239,"월요일"
"2018-02-27",62744,24301,87045,"화요일"
"2018-02-28",68929,28499,97428,"수요일"
"2018-03-01",69369,26379,95748,"목요일"
"2018-03-02",54789,21570,76359,"금요일"
"2018-03-03",62294,22234,84528,"토요일"
"2018-03-04",64075,21540,85615,"일요일"
"2018-03-05",58353,21104,79457,"월요일"
"2018-03-06",45167,18989,64156,"화요일"
"2018-03-07",43491,20698,64189,"수요일"
"2018-03-08",51341,22694,74035,"목요일"
"2018-03-09",55501,22275,77776,"금요일"
"2018-03-10",60203,23580,83783,"토요일"
"2018-03-11",66262,22851,89113,"일요일"
"2018-03-12",61503,21017,82520,"월요일"
"2018-03-13",51210,20001,71211,"화요일"
"2018-03-14",52609,23692,76301,"수요일"
"2018-03-15",60018,24089,84107,"목요일"
"2018-03-16",62204,23533,85737,"금요일"
"2018-03-17",66105,24597,90702,"토요일"
"2018-03-18",71626,23711,95337,"일요일"
"2018-03-19",69095,20870,89965,"월요일"
"2018-03-20",57761,20438,78199,"화요일"
"2018-03-21",56860,23273,80133,"수요일"
"2018-03-22",66555,23706,90261,"목요일"
"2018-03-23",67312,20578,87890,"금요일"
"2018-03-24",73622,24895,98517,"토요일"
"2018-03-25",66824,19964,86788,"일요일"
"2018-03-26",75003,21209,96212,"월요일"
"2018-03-27",63007,20655,83662,"화요일"
"2018-03-28",67302,23575,90877,"수요일"
"2018-03-29",63865,22054,85919,"목요일"
"2018-03-30",74715,23584,98299,"금요일"
"2018-03-31",74884,25501,100385,"토요일"
"2018-04-01",75132,22324,97456,"일요일"
"2018-04-02",74899,20671,95570,"월요일"
"2018-04-03",65879,21782,87661,"화요일"
"2018-04-04",72383,24770,97153,"수요일"
"2018-04-05",74759,24700,99459,"목요일"
"2018-04-06",81072,24422,105494,"금요일"
"2018-04-07",82104,26860,108964,"토요일"
"2018-04-08",84205,26656,110861,"일요일"
"2018-04-09",83706,22608,106314,"월요일"
"2018-04-10",76983,21216,98199,"화요일"
"2018-04-11",74835,22983,97818,"수요일"
"2018-04-12",77716,24462,102178,"목요일"
"2018-04-13",85765,23912,109677,"금요일"
"2018-04-14",82774,23548,106322,"토요일"
"2018-04-15",83922,24033,107955,"일요일"
"2018-04-16",80494,22946,103440,"월요일"
"2018-04-17",73747,21659,95406,"화요일"
"2018-04-18",74082,22975,97057,"수요일"
"2018-04-19",75804,21670,97474,"목요일"
"2018-04-20",83812,23604,107416,"금요일"
"2018-04-21",85090,25050,110140,"토요일"
"2018-04-22",79071,21916,100987,"일요일"
"2018-04-23",82150,22731,104881,"월요일"
"2018-04-24",71806,21244,93050,"화요일"
"2018-04-25",77646,21801,99447,"수요일"
"2018-04-26",79216,22089,101305,"목요일"
"2018-04-27",90557,24228,114785,"금요일"
"2018-04-28",89314,26179,115493,"토요일"
"2018-04-29",87511,20170,107681,"일요일"
"2018-04-30",82453,21379,103832,"월요일"
"2018-05-01",76729,20205,96934,"화요일"
"2018-05-02",77339,20805,98144,"수요일"
"2018-05-03",74330,22647,96977,"목요일"
"2018-05-04",85320,25194,110514,"금요일"
"2018-05-05",85325,27946,113271,"토요일"
"2018-05-06",70891,25311,96202,"일요일"
"2018-05-07",81831,22747,104578,"월요일"
"2018-05-08",82645,20287,102932,"화요일"
"2018-05-09",73054,20820,93874,"수요일"
"2018-05-10",67730,20964,88694,"목요일"
"2018-05-11",79858,22438,102296,"금요일"
"2018-05-12",79576,24098,103674,"토요일"
"2018-05-13",78267,22172,100439,"일요일"
"2018-05-14",83415,22281,105696,"월요일"
"2018-05-15",75974,19948,95922,"화요일"
"2018-05-16",74082,20617,94699,"수요일"
"2018-05-17",79051,24004,103055,"목요일"
"2018-05-18",86876,25554,112430,"금요일"
"2018-05-19",83486,28502,111988,"토요일"
"2018-05-20",74394,25304,99698,"일요일"
"2018-05-21",69993,22710,92703,"월요일"
"2018-05-22",71744,20501,92245,"화요일"
"2018-05-23",75577,21462,97039,"수요일"
"2018-05-24",64135,19926,84061,"목요일"
"2018-05-25",72940,23562,96502,"금요일"
"2018-05-26",79652,25034,104686,"토요일"
"2018-05-27",82902,24839,107741,"일요일"
"2018-05-28",83906,23310,107216,"월요일"
"2018-05-29",76096,20800,96896,"화요일"
"2018-05-30",75970,19814,95784,"수요일"
"2018-05-31",70872,21964,92836,"목요일"
"2018-06-01",82775,23048,105823,"금요일"
"2018-06-02",81319,24857,106176,"토요일"
"2018-06-03",83827,24013,107840,"일요일"
"2018-06-04",77674,22824,100498,"월요일"
"2018-06-05",75285,21787,97072,"화요일"
"2018-06-06",80240,24993,105233,"수요일"
"2018-06-07",73958,19890,93848,"목요일"
"2018-06-08",74469,21671,96140,"금요일"
"2018-06-09",83062,23592,106654,"토요일"
"2018-06-10",84185,24424,108609,"일요일"
"2018-06-11",76088,21382,97470,"월요일"
"2018-06-12",69854,21508,91362,"화요일"
"2018-06-13",78386,24221,102607,"수요일"
"2018-06-14",72513,22079,94592,"목요일"
"2018-06-15",73851,22549,96400,"금요일"
"2018-06-16",81748,24481,106229,"토요일"
"2018-06-17",84182,25367,109549,"일요일"
"2018-06-18",79738,24916,104654,"월요일"
"2018-06-19",72127,22637,94764,"화요일"
"2018-06-20",77094,24514,101608,"수요일"
"2018-06-21",77744,23787,101531,"목요일"
"2018-06-22",83563,23790,107353,"금요일"
"2018-06-23",81653,25736,107389,"토요일"
"2018-06-24",81796,25668,107464,"일요일"
"2018-06-25",79923,23981,103904,"월요일"
"2018-06-26",70630,22620,93250,"화요일"
"2018-06-27",68322,23537,91859,"수요일"
"2018-06-28",67315,22136,89451,"목요일"
"2018-06-29",68545,22073,90618,"금요일"
"2018-06-30",67963,24442,92405,"토요일"
"2018-07-01",65344,23456,88800,"일요일"
"2018-07-02",53577,21316,74893,"월요일"
"2018-07-03",50402,21502,71904,"화요일"
"2018-07-04",52879,14577,67456,"수요일"
"2018-07-05",65974,20089,86063,"목요일"
"2018-07-06",66661,20736,87397,"금요일"
"2018-07-07",68839,23519,92358,"토요일"
"2018-07-08",74631,24008,98639,"일요일"
"2018-07-09",73075,22280,95355,"월요일"
"2018-07-10",65922,21310,87232,"화요일"
"2018-07-11",68686,22524,91210,"수요일"
"2018-07-12",71942,21497,93439,"목요일"
"2018-07-13",74077,20929,95006,"금요일"
"2018-07-14",70909,22580,93489,"토요일"
"2018-07-15",78210,23917,102127,"일요일"
"2018-07-16",75510,25255,100765,"월요일"
"2018-07-17",68405,23941,92346,"화요일"
"2018-07-18",70623,24311,94934,"수요일"
"2018-07-19",70520,23451,93971,"목요일"
"2018-07-20",67534,21986,89520,"금요일"
"2018-07-21",71387,25502,96889,"토요일"
"2018-07-22",71509,24681,96190,"일요일"
"2018-07-23",61074,23329,84403,"월요일"
"2018-07-24",59543,23624,83167,"화요일"
"2018-07-25",65855,25923,91778,"수요일"
"2018-07-26",65207,26344,91551,"목요일"
"2018-07-27",73059,25789,98848,"금요일"
"2018-07-28",77286,30509,107795,"토요일"
"2018-07-29",76714,29301,106015,"일요일"
"2018-07-30",72136,25819,97955,"월요일"
"2018-07-31",76530,26487,103017,"화요일"
"2018-08-01",80725,29123,109848,"수요일"
"2018-08-02",78939,28123,107062,"목요일"
"2018-08-03",78363,23364,101727,"금요일"
"2018-08-04",80538,26806,107344,"토요일"
"2018-08-05",82568,26820,109388,"일요일"
"2018-08-06",79538,24082,103620,"월요일"
"2018-08-07",74084,21412,95496,"화요일"
"2018-08-08",74623,23480,98103,"수요일"
"2018-08-09",75724,21946,97670,"목요일"
"2018-08-10",76523,22976,99499,"금요일"
"2018-08-11",79687,28082,107769,"토요일"
"2018-08-12",78569,26135,104704,"일요일"
"2018-08-13",69449,23197,92646,"월요일"
"2018-08-14",73482,24991,98473,"화요일"
"2018-08-15",74786,26267,101053,"수요일"
"2018-08-16",71093,26617,97710,"목요일"
"2018-08-17",70424,23614,94038,"금요일"
"2018-08-18",76296,25732,102028,"토요일"
"2018-08-19",79791,26445,106236,"일요일"
"2018-08-20",77323,25902,103225,"월요일"
"2018-08-21",71637,25289,96926,"화요일"
"2018-08-22",64260,26474,90734,"수요일"
"2018-08-23",47579,23965,71544,"목요일"
"2018-08-24",77445,26880,104325,"금요일"
"2018-08-25",66367,25927,92294,"토요일"
"2018-08-26",72340,26243,98583,"일요일"
"2018-08-27",72701,22570,95271,"월요일"
"2018-08-28",72391,24432,96823,"화요일"
"2018-08-29",72486,26273,98759,"수요일"
"2018-08-30",71005,23474,94479,"목요일"
"2018-08-31",74996,23567,98563,"금요일"
"2018-09-01",74830,27175,102005,"토요일"
"2018-09-02",74134,24799,98933,"일요일"
"2018-09-03",70785,22352,93137,"월요일"
"2018-09-04",62998,22066,85064,"화요일"
"2018-09-05",68684,23476,92160,"수요일"
"2018-09-06",72117,22007,94124,"목요일"
"2018-09-07",75252,21246,96498,"금요일"
"2018-09-08",76456,23242,99698,"토요일"
"2018-09-09",77772,22004,99776,"일요일"
"2018-09-10",77275,20512,97787,"월요일"
"2018-09-11",67864,19590,87454,"화요일"
"2018-09-12",71389,20180,91569,"수요일"
"2018-09-13",71688,19373,91061,"목요일"
"2018-09-14",76306,19918,96224,"금요일"
"2018-09-15",70105,22399,92504,"토요일"
"2018-09-16",69171,21139,90310,"일요일"
"2018-09-17",68737,20978,89715,"월요일"
"2018-09-18",53601,20279,73880,"화요일"
"2018-09-19",58157,21523,79680,"수요일"
"2018-09-20",65154,23433,88587,"목요일"
"2018-09-21",78576,26448,105024,"금요일"
"2018-09-22",80557,30877,111434,"토요일"
"2018-09-23",74892,26348,101240,"일요일"
"2018-09-24",80301,23888,104189,"월요일"
"2018-09-25",81989,24285,106274,"화요일"
"2018-09-26",83024,24067,107091,"수요일"
"2018-09-27",73149,20448,93597,"목요일"
"2018-09-28",59180,16151,75331,"금요일"
"2018-09-29",65470,23471,88941,"토요일"
"2018-09-30",68204,20612,88816,"일요일"
"2018-10-01",57870,21006,78876,"월요일"
"2018-10-02",58229,21309,79538,"화요일"
"2018-10-03",60515,24777,85292,"수요일"
"2018-10-04",57767,23654,81421,"목요일"
"2018-10-05",60276,25815,86091,"금요일"
"2018-10-06",45880,25400,71280,"토요일"
"2018-10-07",63978,27138,91116,"일요일"
"2018-10-08",56901,24238,81139,"월요일"
"2018-10-09",69419,24198,93617,"화요일"
"2018-10-10",81445,23933,105378,"수요일"
"2018-10-11",70072,23354,93426,"목요일"
"2018-10-12",80025,23796,103821,"금요일"
"2018-10-13",82548,25547,108095,"토요일"
"2018-10-14",83834,24845,108679,"일요일"
"2018-10-15",84335,23840,108175,"월요일"
"2018-10-16",77860,22331,100191,"화요일"
"2018-10-17",80888,23870,104758,"수요일"
"2018-10-18",80012,24317,104329,"목요일"
"2018-10-19",84141,25579,109720,"금요일"
"2018-10-20",82426,27786,110212,"토요일"
"2018-10-21",83315,28269,111584,"일요일"
"2018-10-22",84616,25191,109807,"월요일"
"2018-10-23",77713,23602,101315,"화요일"
"2018-10-24",77046,24278,101324,"수요일"
"2018-10-25",78128,24724,102852,"목요일"
"2018-10-26",82667,23985,106652,"금요일"
"2018-10-27",82242,25311,107553,"토요일"
"2018-10-28",76380,19786,96166,"일요일"
"2018-10-29",78662,20979,99641,"월요일"
"2018-10-30",70281,20674,90955,"화요일"
"2018-10-31",72588,22494,95082,"수요일"
"2018-11-01",71070,22373,93443,"목요일"
"2018-11-02",77219,23361,100580,"금요일"
"2018-11-03",79075,24815,103890,"토요일"
"2018-11-04",77033,23652,100685,"일요일"
"2018-11-05",79384,23635,103019,"월요일"
"2018-11-06",68783,22995,91778,"화요일"
"2018-11-07",70869,24294,95163,"수요일"
"2018-11-08",68961,23485,92446,"목요일"
"2018-11-09",75245,23367,98612,"금요일"
"2018-11-10",74320,24277,98597,"토요일"
"2018-11-11",76360,24244,100604,"일요일"
"2018-11-12",72451,22019,94470,"월요일"
"2018-11-13",62715,20160,82875,"화요일"
"2018-11-14",65430,24190,89620,"수요일"
"2018-11-15",67553,25449,93002,"목요일"
"2018-11-16",71340,22884,94224,"금요일"
"2018-11-17",73435,26030,99465,"토요일"
"2018-11-18",76892,26313,103205,"일요일"
"2018-11-19",67988,23599,91587,"월요일"
"2018-11-20",55600,20919,76519,"화요일"
"2018-11-21",57134,23379,80513,"수요일"
"2018-11-22",61851,24830,86681,"목요일"
"2018-11-23",68397,24246,92643,"금요일"
"2018-11-24",69244,26431,95675,"토요일"
"2018-11-25",69808,25372,95180,"일요일"
"2018-11-26",67412,24459,91871,"월요일"
"2018-11-27",55862,22674,78536,"화요일"
"2018-11-28",52429,20894,73323,"수요일"
"2018-11-29",59861,24422,84283,"목요일"
"2018-11-30",62492,24722,87214,"금요일"
"2018-12-01",62757,24303,87060,"토요일"
"2018-12-02",65834,24528,90362,"일요일"
"2018-12-03",59022,23060,82082,"월요일"
"2018-12-04",48389,18888,67277,"화요일"
"2018-12-05",49063,21744,70807,"수요일"
"2018-12-06",54283,22995,77278,"목요일"
"2018-12-07",58349,24155,82504,"금요일"
"2018-12-08",61439,25644,87083,"토요일"
"2018-12-09",65186,23072,88258,"일요일"
"2018-12-10",59150,24004,83154,"월요일"
"2018-12-11",50523,22011,72534,"화요일"
"2018-12-12",51284,22160,73444,"수요일"
"2018-12-13",57233,22808,80041,"목요일"
"2018-12-14",62042,25108,87150,"금요일"
"2018-12-15",63469,27259,90728,"토요일"
"2018-12-16",65659,25224,90883,"일요일"
"2018-12-17",62423,22490,84913,"월요일"
"2018-12-18",58191,23597,81788,"화요일"
"2018-12-19",55472,23284,78756,"수요일"
"2018-12-20",60661,26049,86710,"목요일"
"2018-12-21",61646,26242,87888,"금요일"
"2018-12-22",67101,29146,96247,"토요일"
"2018-12-23",59701,24193,83894,"일요일"
"2018-12-24",59738,23830,83568,"월요일"
"2018-12-25",63915,21709,85624,"화요일"
"2018-12-26",68459,25974,94433,"수요일"
"2018-12-27",64154,26532,90686,"목요일"
"2018-12-28",65832,23934,89766,"금요일"
"2018-12-29",73818,30408,104226,"토요일"
"2018-12-30",65434,27267,92701,"일요일"
"2018-12-31",64903,24579,89482,"월요일"
"2019-01-01",63175,22894,86069,"화요일"
"2019-01-02",70888,28592,99480,"수요일"
"2019-01-03",62721,27862,90583,"목요일"
"2019-01-04",57082,24306,81388,"금요일"
"2019-01-05",60729,29224,89953,"토요일"
"2019-01-06",64755,29842,94597,"일요일"
"2019-01-07",63272,27324,90596,"월요일"
"2019-01-08",56561,23529,80090,"화요일"
"2019-01-09",57109,24526,81635,"수요일"
"2019-01-10",65633,26810,92443,"목요일"
"2019-01-11",59370,26721,86091,"금요일"
"2019-01-12",64868,27377,92245,"토요일"
"2019-01-13",66673,28983,95656,"일요일"
"2019-01-14",68934,27465,96399,"월요일"
"2019-01-15",62461,25252,87713,"화요일"
"2019-01-16",63297,29178,92475,"수요일"
"2019-01-17",65838,27888,93726,"목요일"
"2019-01-18",66747,27777,94524,"금요일"
"2019-01-19",68448,29683,98131,"토요일"
"2019-01-20",70829,29717,100546,"일요일"
"2019-01-21",70302,28051,98353,"월요일"
"2019-01-22",62148,26131,88279,"화요일"
"2019-01-23",61929,27956,89885,"수요일"
"2019-01-24",65047,26823,91870,"목요일"
"2019-01-25",62892,20838,83730,"금요일"
"2019-01-26",63413,27436,90849,"토요일"
"2019-01-27",67991,28099,96090,"일요일"
"2019-01-28",67652,25738,93390,"월요일"
"2019-01-29",59847,23967,83814,"화요일"
"2019-01-30",56734,25247,81981,"수요일"
"2019-01-31",61198,28457,89655,"목요일"
"2019-02-01",71967,27600,99567,"금요일"
"2019-02-02",71991,31522,103513,"토요일"
"2019-02-03",71757,29826,101583,"일요일"
"2019-02-04",66536,24206,90742,"월요일"
"2019-02-05",76991,21449,98440,"화요일"
"2019-02-06",80360,28194,108554,"수요일"
"2019-02-07",71020,25825,96845,"목요일"
"2019-02-08",65926,25480,91406,"금요일"
"2019-02-09",65602,26908,92510,"토요일"
"2019-02-10",69837,28301,98138,"일요일"
"2019-02-11",69602,29404,99006,"월요일"
"2019-02-12",64895,27845,92740,"화요일"
"2019-02-13",66321,29261,95582,"수요일"
"2019-02-14",71425,29307,100732,"목요일"
"2019-02-15",69292,29077,98369,"금요일"
"2019-02-16",70076,30147,100223,"토요일"
"2019-02-17",67148,29516,96664,"일요일"
"2019-02-18",73022,28224,101246,"월요일"
"2019-02-19",67525,26646,94171,"화요일"
"2019-02-20",69517,29988,99505,"수요일"
"2019-02-21",72712,29350,102062,"목요일"
"2019-02-22",73934,28728,102662,"금요일"
"2019-02-23",72291,30078,102369,"토요일"
"2019-02-24",76135,30169,106304,"일요일"
"2019-02-25",72494,27128,99622,"월요일"
"2019-02-26",69410,26372,95782,"화요일"
"2019-02-27",67453,30598,98051,"수요일"
"2019-02-28",71211,30166,101377,"목요일"
"2019-03-01",77796,27475,105271,"금요일"
"2019-03-02",67139,24682,91821,"토요일"
"2019-03-03",72188,24896,97084,"일요일"
"2019-03-04",64765,23231,87996,"월요일"
"2019-03-05",51564,19744,71308,"화요일"
"2019-03-06",48493,22318,70811,"수요일"
"2019-03-07",56961,24172,81133,"목요일"
"2019-03-08",59849,25619,85468,"금요일"
"2019-03-09",62128,25536,87664,"토요일"
"2019-03-10",68015,26806,94821,"일요일"
"2019-03-11",64013,24214,88227,"월요일"
"2019-03-12",56414,21980,78394,"화요일"
"2019-03-13",54681,23837,78518,"수요일"
"2019-03-14",60782,26094,86876,"목요일"
"2019-03-15",64610,26121,90731,"금요일"
"2019-03-16",66951,27651,94602,"토요일"
"2019-03-17",72855,26647,99502,"일요일"
"2019-03-18",68971,25455,94426,"월요일"
"2019-03-19",59897,22048,81945,"화요일"
"2019-03-20",60363,25150,85513,"수요일"
"2019-03-21",64771,27401,92172,"목요일"
"2019-03-22",66416,26219,92635,"금요일"
"2019-03-23",69551,28429,97980,"토요일"
"2019-03-24",75374,28536,103910,"일요일"
"2019-03-25",75312,26461,101773,"월요일"
"2019-03-26",67084,25118,92202,"화요일"
"2019-03-27",71162,26959,98121,"수요일"
"2019-03-28",69941,28033,97974,"목요일"
"2019-03-29",75390,26365,101755,"금요일"
"2019-03-30",73738,27843,101581,"토요일"
"2019-03-31",72097,22687,94784,"일요일"
"2019-04-01",74384,21521,95905,"월요일"
"2019-04-02",68188,21856,90044,"화요일"
"2019-04-03",71192,26258,97450,"수요일"
"2019-04-04",70714,25198,95912,"목요일"
"2019-04-05",77300,26609,103909,"금요일"
"2019-04-06",77704,28211,105915,"토요일"
"2019-04-07",77455,28774,106229,"일요일"
"2019-04-08",79147,25840,104987,"월요일"
"2019-04-09",68284,22525,90809,"화요일"
"2019-04-10",75721,24913,100634,"수요일"
"2019-04-11",73072,26657,99729,"목요일"
"2019-04-12",79692,25676,105368,"금요일"
"2019-04-13",80478,26940,107418,"토요일"
"2019-04-14",78174,26265,104439,"일요일"
"2019-04-15",79552,24897,104449,"월요일"
"2019-04-16",67272,22751,90023,"화요일"
"2019-04-17",70973,26223,97196,"수요일"
"2019-04-18",73044,26070,99114,"목요일"
"2019-04-19",77980,26449,104429,"금요일"
"2019-04-20",78968,28531,107499,"토요일"
"2019-04-21",77903,28468,106371,"일요일"
"2019-04-22",78510,26283,104793,"월요일"
"2019-04-23",69470,22056,91526,"화요일"
"2019-04-24",72877,23496,96373,"수요일"
"2019-04-25",75737,24117,99854,"목요일"
"2019-04-26",83570,24010,107580,"금요일"
"2019-04-27",76803,24088,100891,"토요일"
"2019-04-28",83238,21873,105111,"일요일"
"2019-04-29",82723,21032,103755,"월요일"
"2019-04-30",74571,23179,97750,"화요일"
"2019-05-01",78538,26427,104965,"수요일"
"2019-05-02",78538,26427,104965,"목요일"
"2019-05-03",85557,29220,114777,"금요일"
"2019-05-04",88096,30840,118936,"토요일"
"2019-05-05",74495,31335,105830,"일요일"
"2019-05-06",81238,28971,110209,"월요일"
"2019-05-07",76601,24340,100941,"화요일"
"2019-05-08",76211,24195,100406,"수요일"
"2019-05-09",66758,24682,91440,"목요일"
"2019-05-10",66824,23807,90631,"금요일"
"2019-05-11",75407,25230,100637,"토요일"
"2019-05-12",74603,25810,100413,"일요일"
"2019-05-13",81245,23869,105114,"월요일"
"2019-05-14",68348,22053,90401,"화요일"
"2019-05-15",73660,24662,98322,"수요일"
"2019-05-16",77604,25826,103430,"목요일"
"2019-05-17",76860,26263,103123,"금요일"
"2019-05-18",78242,27419,105661,"토요일"
"2019-05-19",75111,26349,101460,"일요일"
"2019-05-20",81021,25010,106031,"월요일"
"2019-05-21",68010,21689,89699,"화요일"
"2019-05-22",77733,25987,103720,"수요일"
"2019-05-23",75908,26173,102081,"목요일"
"2019-05-24",80211,26003,106214,"금요일"
"2019-05-25",79265,25610,104875,"토요일"
"2019-05-26",79341,27224,106565,"일요일"
"2019-05-27",75679,24844,100523,"월요일"
"2019-05-28",71565,22449,94014,"화요일"
"2019-05-29",73618,23484,97102,"수요일"
"2019-05-30",69530,24504,94034,"목요일"
"2019-05-31",75559,25559,101118,"금요일"
"2019-06-01",76368,26333,102701,"토요일"
"2019-06-02",77699,26465,104164,"일요일"
"2019-06-03",80944,24579,105523,"월요일"
"2019-06-04",72513,24384,96897,"화요일"
"2019-06-05",84230,31802,116032,"수요일"
"2019-06-06",78296,30397,108693,"목요일"
"2019-06-07",66677,23624,90301,"금요일"
"2019-06-08",75754,25451,101205,"토요일"
"2019-06-09",82524,28005,110529,"일요일"
"2019-06-10",81083,25580,106663,"월요일"
"2019-06-11",73073,22291,95364,"화요일"
"2019-06-12",68913,24136,93049,"수요일"
"2019-06-13",72859,25781,98640,"목요일"
"2019-06-14",78253,25925,104178,"금요일"
"2019-06-15",80614,27321,107935,"토요일"
"2019-06-16",79202,28133,107335,"일요일"
"2019-06-17",79321,26724,106045,"월요일"
"2019-06-18",68868,22975,91843,"화요일"
"2019-06-19",69768,25859,95627,"수요일"
"2019-06-20",77546,28848,106394,"목요일"
"2019-06-21",76958,27164,104122,"금요일"
"2019-06-22",81081,30210,111291,"토요일"
"2019-06-23",81018,30895,111913,"일요일"
"2019-06-24",80455,28523,108978,"월요일"
"2019-06-25",73139,26110,99249,"화요일"
"2019-06-26",71354,27487,98841,"수요일"
"2019-06-27",71444,27064,98508,"목요일"
"2019-06-28",71626,26857,98483,"금요일"
"2019-06-29",70040,28395,98435,"토요일"
"2019-06-30",71763,29356,101119,"일요일"
"2019-07-01",68096,25519,93615,"월요일"
"2019-07-02",59744,23201,82945,"화요일"
"2019-07-03",67377,23880,91257,"수요일"
"2019-07-04",72102,25823,97925,"목요일"
"2019-07-05",72625,25860,98485,"금요일"
"2019-07-06",71077,26633,97710,"토요일"
"2019-07-07",76623,27814,104437,"일요일"
"2019-07-08",71073,25422,96495,"월요일"
"2019-07-09",65577,23510,89087,"화요일"
"2019-07-10",68819,25687,94506,"수요일"
"2019-07-11",71247,25074,96321,"목요일"
"2019-07-12",69934,24605,94539,"금요일"
"2019-07-13",73505,27857,101362,"토요일"
"2019-07-14",77257,28032,105289,"일요일"
"2019-07-15",74422,28241,102663,"월요일"
"2019-07-16",67538,26921,94459,"화요일"
"2019-07-17",69814,26719,96533,"수요일"
"2019-07-18",72233,27199,99432,"목요일"
"2019-07-19",65081,25085,90166,"금요일"
"2019-07-20",59646,26941,86587,"토요일"
"2019-07-21",63470,20042,83512,"일요일"
"2019-07-22",68884,27861,96745,"월요일"
"2019-07-23",67288,25631,92919,"화요일"
"2019-07-24",71852,27474,99326,"수요일"
"2019-07-25",74039,28279,102318,"목요일"
"2019-07-26",72967,27013,99980,"금요일"
"2019-07-27",75286,31276,106562,"토요일"
"2019-07-28",76035,30349,106384,"일요일"
"2019-07-29",70849,27452,98301,"월요일"
"2019-07-30",69440,26471,95911,"화요일"
"2019-07-31",79525,30585,110110,"수요일"
"2019-08-01",77586,28287,105873,"목요일"
"2019-08-02",78016,26045,104061,"금요일"
"2019-08-03",84142,29884,114026,"토요일"
"2019-08-04",83162,29602,112764,"일요일"
"2019-08-05",82635,25811,108446,"월요일"
"2019-08-06",72240,21707,93947,"화요일"
"2019-08-07",70909,24519,95428,"수요일"
"2019-08-08",76686,23187,99873,"목요일"
"2019-08-09",76398,22741,99139,"금요일"
"2019-08-10",77284,26390,103674,"토요일"
"2019-08-11",80346,25737,106083,"일요일"
"2019-08-12",80346,25737,106083,"월요일"
"2019-08-13",72440,23469,95909,"화요일"
"2019-08-14",80584,28141,108725,"수요일"
"2019-08-15",79847,26305,106152,"목요일"
"2019-08-16",72272,25404,97676,"금요일"
"2019-08-17",78386,28583,106969,"토요일"
"2019-08-18",82214,28829,111043,"일요일"
"2019-08-19",81724,25832,107556,"월요일"
"2019-08-20",76167,25291,101458,"화요일"
"2019-08-21",75478,25381,100859,"수요일"
"2019-08-22",77036,25080,102116,"목요일"
"2019-08-23",76384,22946,99330,"금요일"
"2019-08-24",79939,27247,107186,"토요일"
"2019-08-25",83043,26946,109989,"일요일"
"2019-08-26",83304,24034,107338,"월요일"
"2019-08-27",79950,22467,102417,"화요일"
"2019-08-28",79219,22265,101484,"수요일"
"2019-08-29",79603,21151,100754,"목요일"
"2019-08-30",80458,19898,100356,"금요일"
"2019-08-31",75426,21255,96681,"토요일"
"2019-09-01",76404,21281,97685,"일요일"
"2019-09-02",68575,19111,87686,"월요일"
"2019-09-03",59945,17352,77297,"화요일"
"2019-09-04",58748,19424,78172,"수요일"
"2019-09-05",58795,18998,77793,"목요일"
"2019-09-06",51700,20238,71938,"금요일"
"2019-09-07",37451,17905,55356,"토요일"
"2019-09-08",56901,21032,77933,"일요일"
"2019-09-09",54290,19574,73864,"월요일"
"2019-09-10",66990,20978,87968,"화요일"
"2019-09-11",81292,26517,107809,"수요일"
"2019-09-12",81732,24478,106210,"목요일"
"2019-09-13",73522,15872,89394,"금요일"
"2019-09-14",79896,18152,98048,"토요일"
"2019-09-15",83834,21790,105624,"일요일"
"2019-09-16",77472,22557,100029,"월요일"
"2019-09-17",70120,19150,89270,"화요일"
"2019-09-18",65764,18692,84456,"수요일"
"2019-09-19",60834,19496,80330,"목요일"
"2019-09-20",70110,18392,88502,"금요일"
"2019-09-21",69399,21605,91004,"토요일"
"2019-09-22",46761,17853,64614,"일요일"
"2019-09-23",82465,25611,108076,"월요일"
"2019-09-24",69032,21534,90566,"화요일"
"2019-09-25",73691,20026,93717,"수요일"
"2019-09-26",72586,19617,92203,"목요일"
"2019-09-27",79168,20357,99525,"금요일"
"2019-09-28",82281,21670,103951,"토요일"
"2019-09-29",79453,21365,100818,"일요일"
"2019-09-30",73657,18855,92512,"월요일"
"2019-10-01",66786,17730,84516,"화요일"
"2019-10-02",63130,24125,87255,"수요일"
"2019-10-03",70739,23279,94018,"목요일"
"2019-10-04",70501,20138,90639,"금요일"
"2019-10-05",74954,22039,96993,"토요일"
"2019-10-06",76772,20564,97336,"일요일"
"2019-10-07",74320,18995,93315,"월요일"
"2019-10-08",70858,20694,91552,"화요일"
"2019-10-09",72840,22290,95130,"수요일"
"2019-10-10",69946,20099,90045,"목요일"
"2019-10-11",77626,20636,98262,"금요일"
"2019-10-12",87118,21038,108156,"토요일"
"2019-10-13",84191,21906,106097,"일요일"
"2019-10-14",88208,22646,110854,"월요일"
"2019-10-15",83451,21536,104987,"화요일"
"2019-10-16",80962,23187,104149,"수요일"
"2019-10-17",85518,21657,107175,"목요일"
"2019-10-18",90735,23315,114050,"금요일"
"2019-10-19",90088,25073,115161,"토요일"
"2019-10-20",87921,25876,113797,"일요일"
"2019-10-21",92592,22439,115031,"월요일"
"2019-10-22",81932,23726,105658,"화요일"
"2019-10-23",85270,22697,107967,"수요일"
"2019-10-24",85381,22199,107580,"목요일"
"2019-10-25",90178,21514,111692,"금요일"
"2019-10-26",89224,23684,112908,"토요일"
"2019-10-27",78384,21742,100126,"일요일"
"2019-10-28",84029,21009,105038,"월요일"
"2019-10-29",77994,17614,95608,"화요일"
"2019-10-30",77114,20884,97998,"수요일"
"2019-10-31",76707,21637,98344,"목요일"
"2019-11-01",82773,21162,103935,"금요일"
"2019-11-02",82613,19871,102484,"토요일"
"2019-11-03",85791,23455,109246,"일요일"
"2019-11-04",84384,22357,106741,"월요일"
"2019-11-05",75141,20647,95788,"화요일"
"2019-11-06",74777,21716,96493,"수요일"
"2019-11-07",80801,22094,102895,"목요일"
"2019-11-08",84127,21899,106026,"금요일"
"2019-11-09",84032,21965,105997,"토요일"
"2019-11-10",81376,21402,102778,"일요일"
"2019-11-11",81196,20998,102194,"월요일"
"2019-11-12",74049,17870,91919,"화요일"
"2019-11-13",79217,22094,101311,"수요일"
"2019-11-14",78422,22296,100718,"목요일"
"2019-11-15",82181,20298,102479,"금요일"
"2019-11-16",85062,23507,108569,"토요일"
"2019-11-17",86221,24917,111138,"일요일"
"2019-11-18",86221,24917,111138,"월요일"
"2019-11-19",69637,19594,89231,"화요일"
